start: 2025-04-06 23:10:36.786630
end: 2025-04-06 23:16:20.300020
